.Random.seed <-
c(403L, 11L, -1585046856L, 282092699L, -818732295L, -1115134904L, 
10667894L, 711951025L, -1128738077L, 596906418L, -1498734076L, 
-1986897593L, 824763421L, 2145180308L, -1643064774L, -483271547L, 
-2095660705L, 1906856422L, -1649459088L, -1073069165L, 1175585841L, 
1637354208L, -514520194L, 1940111881L, 42371643L, 568480778L, 
-1671615508L, 395952239L, 270950309L, 1713842012L, 1963436850L, 
-1761045971L, 1053458663L, 2105913870L, 156422120L, -1581977109L, 
-1447099767L, 1525398040L, -273010362L, -739115103L, 593490483L, 
-1081864286L, -1175827820L, -1360527081L, 179199757L, -516499932L, 
-1991967222L, -1787426955L, -1821240625L, -1208556074L, -1240929920L, 
734355907L, -1061767327L, 209571280L, -2114339538L, 1202031833L, 
648759019L, 590275418L, -2057964260L, -820411361L, -592000907L, 
-1033546484L, 1107458274L, 1213100477L, -1438943689L, -454415138L, 
1743829016L, -2090817669L, -2138183911L, 2017164200L, -781767850L, 
-2131610671L, 1438668675L, 2138669586L, -1039706716L, -1099181721L, 
-1157923139L, -727202252L, -1327252070L, 1308707301L, 581825919L, 
1133018374L, 167863952L, 541323059L, 1987718353L, 500217472L, 
1324343134L, 2065480873L, -1558040741L, 809518442L, -1081997300L, 
1698259023L, 2019612933L, 631574972L, -234212206L, -2012778611L, 
2038069191L, 1013255342L, -1240441592L, 2040412939L, -1115712023L, 
2042184376L, 2108294502L, 1383865857L, 2061297811L, 1090958146L, 
-1147679500L, 1090967799L, -980332307L, -1910434940L, -1326068310L, 
429863701L, 154948015L, -1122577994L, 1840752608L, 2141939491L, 
1179129921L, -229723344L, -790595250L, -601502791L, -1475912245L, 
1722797690L, -1132452996L, 245525439L, 1061459093L, 157465260L, 
-890013566L, 1017469021L, -206057641L, -1708371394L, -1266624904L, 
1808201051L, -1143376711L, 265592072L, 264331190L, -986561295L, 
972636963L, -301492878L, -1932939324L, 208722823L, 108915037L, 
-1821587628L, 1247165818L, 1342695621L, 450722335L, -1687769690L, 
-213991632L, 534410707L, 976954353L, -930736864L, -1804713026L, 
-152876087L, 1180969851L, 1895340362L, 1318958508L, 429678767L, 
1095899749L, -641424868L, -1933927310L, 2021581549L, -1311625433L, 
113789774L, 232162216L, 1103194027L, 453301449L, 111166680L, 
-882460282L, -1985408927L, 2117370355L, -267775902L, 1313466068L, 
593747927L, -1415762483L, 94390628L, 1898274122L, 1313725621L, 
-2085942257L, -1260100330L, -1549516864L, -694568061L, 703076769L, 
-1916729968L, -876063122L, -191336423L, -234107733L, 1901539482L, 
-976048036L, 1545076063L, -852101323L, -2438452L, 291620898L, 
-1003879811L, 458631031L, -271255394L, 334153560L, -1915915589L, 
1958378585L, -1019492376L, 1950118422L, -632277615L, 309956163L, 
1098513746L, -387931676L, -1688403929L, -875885443L, -887672460L, 
43187546L, -1595827291L, -1563579457L, -347817914L, 920008400L, 
-187227917L, -1050372591L, -845410240L, -1444260834L, -1156021527L, 
-1588373477L, -987246550L, -1012452532L, -65912561L, 876336197L, 
1616975356L, -748325806L, 1923388877L, -328456313L, -327929234L, 
-783441336L, 41636939L, 882148777L, -1376923956L, -1991257952L, 
-1507842174L, 1149073128L, 779738860L, -868392900L, -546550158L, 
-480699280L, -843361756L, 291602488L, 1970919450L, -135002416L, 
-687436740L, 2106389652L, -18179966L, -450768960L, -748582596L, 
1008664208L, 873842722L, -1187063800L, -192021364L, -773020644L, 
2009023122L, -1342857088L, -1031101420L, -1166765784L, 973388346L, 
-1776917296L, 1561410668L, 1495588532L, 461281298L, -1946390560L, 
616807372L, 742364640L, -578045406L, -140475096L, -136127220L, 
629651004L, 398952690L, 1906026224L, -1162645692L, 1828611672L, 
714811962L, 1321717488L, -767862596L, 723192340L, -1482158910L, 
1791224928L, -146162308L, -1789916976L, -671744990L, -2087856472L, 
-260453492L, -1104542276L, 1163490354L, -230232256L, -1635302220L, 
980746056L, -1730895174L, 912715536L, 1847948524L, -206988204L, 
-727408878L, 1407913888L, 1245402060L, 1769048928L, -1783569214L, 
-1076167128L, -1666040404L, 624073532L, 946349938L, -385966288L, 
-521738716L, 1059675192L, -1474807590L, 1029107088L, -1331561732L, 
-854547564L, 1748700994L, -2057783808L, 1887428156L, -2033335728L, 
619794082L, -1798788280L, 768840204L, -157476644L, -1621190062L, 
-748709760L, -1660837036L, -1035305496L, 103898874L, -1348633776L, 
-1049826260L, 706013556L, 1439344274L, -253735328L, -602446196L, 
-507324576L, -930581790L, -1778687832L, 894541004L, -1702559236L, 
692885426L, -666535440L, -1216227900L, -30936232L, -2110259334L, 
299230640L, -562065988L, -895751084L, 1409466306L, 1878202144L, 
1069896636L, -1234071984L, 115608034L, 856974696L, -547879604L, 
1948523772L, -832433422L, -1929893120L, -321495436L, -1593222136L, 
1769515450L, -890410032L, -1963817492L, -45518956L, -1555751214L, 
2076076640L, -1045449396L, -1862381280L, -1645734270L, -283146776L, 
381234156L, 730679868L, 153478770L, 1298750320L, -72615644L, 
-1167025608L, 162945434L, 616160720L, 2044046780L, -1233804140L, 
167805058L, 7779776L, -1540049092L, -72365936L, 508197666L, 1486320136L, 
-439402228L, 1110428060L, 157035026L, -526098560L, 1982501652L, 
-1630697176L, 826052666L, 791065552L, -1499535764L, -1292828108L, 
-475806062L, -1475629728L, 1441194316L, -295627808L, 11641250L, 
-2095545944L, -1349443956L, 74966460L, 673997426L, 1912478704L, 
494635588L, -518041512L, -1996266438L, -1865335696L, 1132422204L, 
-1209766636L, -869592382L, 605734624L, -1349792644L, 1779675856L, 
256844194L, 2097853480L, -1838565620L, 1306899900L, -661977294L, 
-1219670336L, -524085196L, -133796152L, -637429574L, 149217936L, 
1318815468L, 2099061332L, 90979986L, 2002785568L, 1109196236L, 
159362784L, 1189764290L, 1717537832L, 320422828L, 1834075836L, 
1269348338L, -1638178256L, -1424819292L, 330446264L, -1767803046L, 
598939792L, 648595324L, 139678996L, -1409486526L, 191741184L, 
1560707516L, 184601936L, -679659230L, 993870408L, -947041268L, 
1590231644L, -1869023790L, 966344192L, -680185516L, 1027871976L, 
249706746L, -416357680L, -154530004L, -102404876L, -885308014L, 
1718950240L, -2044639220L, -1357715232L, 525985378L, 1370506908L, 
-1193098038L, 1495543231L, 485282057L, -1921273314L, -399278132L, 
817511837L, -1608165337L, 182568528L, 154014446L, -109962341L, 
-1005999619L, 1027189994L, 408201096L, 2053951793L, -1028296285L, 
876823972L, 276977746L, -105505881L, -1650819087L, 1910401846L, 
-1400334380L, -586060443L, -564223633L, 1836759976L, -284913402L, 
-1175687117L, -255613291L, -229204238L, 1252306752L, -1745974103L, 
-1543155429L, -1408358676L, 1074060026L, 2032116527L, -1018778823L, 
340831566L, 1719012252L, -1575304947L, 1334051703L, 603830144L, 
1597515230L, -1188791637L, 87479725L, 1658866202L, 1261030616L, 
489500993L, 1596426739L, 1222754324L, -1279359582L, 425018039L, 
-1961202559L, 2037144710L, -199345980L, -1942120971L, -2051719073L, 
447298232L, 1695753110L, 1218261411L, 765973861L, -1291516798L, 
-726315536L, 1475419033L, 1601486219L, -114608004L, 1024092842L, 
533546207L, -1467993495L, 435114110L, 255567980L, -181817155L, 
-195165817L, 1250637168L, 249761806L, 216379L, 1849782813L, 1966646986L, 
-1143164440L, -1578850607L, -2071194941L, -1054885436L, -1060827534L, 
-294465721L, -34058479L, -1463598442L, -1439496204L, 1753076101L, 
-56595249L, 665105864L, -1953928090L, -711021933L, -1531399691L, 
995556306L, 1127931936L, -714561015L, -2056457413L, 1102288524L, 
-1613227238L, 902901135L, -1149181223L, -1398727314L, -2008710916L, 
-1141872019L, -1945217513L, 788689888L, -1650434114L, 527199627L, 
11066893L, 511267386L, -1324623240L, -1234333151L, 499281107L, 
-1777107980L, -1092162430L, -1409518313L, 1692943329L, 1865966886L, 
2014954532L, 487276245L, -1360790913L, 1052236568L, -777731530L, 
-1707162429L, -891152123L, 1542647970L, -605456752L, 305173049L, 
2133986027L, 2105301980L, -2110104054L, 1309663487L, -2117348023L, 
-687069474L, 1527704716L, -4309923L, 218235495L, 3197840L, -900005970L, 
-837869989L, 1905537597L, -1707592534L, -1071737528L, -1540150927L, 
330325731L, 1717704164L, -118908654L, -977922841L, 873657009L, 
